+---------------------+--------------------+--------------------+---------------------+--------------------+---------------------+--------------------+--------------------+--------------------+---------------------+---------------------+---------------------+
|_1                   |_2                  |_3                  |_4                   |_5                  |_6                   |_7                  |_8                  |_9                  |_10                  |_11                  |_12                  |
+---------------------+--------------------+--------------------+---------------------+--------------------+---------------------+--------------------+--------------------+--------------------+---------------------+---------------------+---------------------+
|1.0                  |0.0952353246570876  |0.22994307456693544 |0.49979507054382716  |0.04780506459924824 |0.6520814861476599   |0.19981099474596317 |0.40638238580405744 |-0.15224709166841371|-0.003683630548492058|0.10658316817929689  |0.01417744771284853  |
|0.0952353246570876   |1.0                 |0.6938180292187102  |0.22843780589066429  |-0.22216044124307888|0.11243836369846427  |0.5830862890517098  |0.136380214632607   |-0.11914161321118825|0.011013119246381039 |0.24324247239434924  |0.058244066059735006 |
|0.22994307456693544  |0.6938180292187102  |1.0                 |0.08336219857360809  |-0.2558645786458895 |0.1665486626397747   |0.3626880904886167  |0.062478896645513864|-0.24905706731598232|-0.03832034952275751 |0.21581056607625593  |-0.02396164055401994 |
|0.49979507054382716  |0.22843780589066429 |0.08336219857360809 |1.0                  |0.1506347038588352  |0.5677054942842843   |-0.07054679186739402|0.8236373367990288  |-0.11411705130225229|0.043382602567630844 |0.33049905866040247  |-0.018193042423583956|
|0.04780506459924824  |-0.22216044124307888|-0.2558645786458895 |0.1506347038588352   |1.0                 |0.11685894528038342  |-0.1187127324813085 |0.1311362217492518  |0.10143800946356157 |-0.03519638681213761 |-0.08457468353208678 |-0.125128336187444   |
|0.6520814861476599   |0.11243836369846427 |0.1665486626397747  |0.5677054942842843   |0.11685894528038342 |1.0                  |0.09134085158325293 |0.5714030200072245  |-0.09995014169388954|-0.027698205893510516|0.01101521453525555  |0.0011887848495267825|
|0.19981099474596317  |0.5830862890517098  |0.3626880904886167  |-0.07054679186739402 |-0.1187127324813085 |0.09134085158325293  |1.0                 |0.001591076691031005|0.016497151198365315|0.029765717579306385 |0.019993114189585187 |0.10564193773153402  |
|0.40638238580405744  |0.136380214632607   |0.062478896645513864|0.8236373367990288   |0.1311362217492518  |0.5714030200072245   |0.001591076691031005|1.0                 |-0.11269595359358733|0.010559753593519072 |0.19184169166763662  |0.04700002913421844  |
|-0.15224709166841371 |-0.11914161321118825|-0.24905706731598232|-0.11411705130225229 |0.10143800946356157 |-0.09995014169388954 |0.016497151198365315|-0.11269595359358733|1.0                 |-0.04585742910279649 |-0.0762769001874751  |0.026480188916395062 |
|-0.003683630548492058|0.011013119246381039|-0.03832034952275751|0.043382602567630844 |-0.03519638681213761|-0.027698205893510516|0.029765717579306385|0.010559753593519072|-0.04585742910279649|1.0                  |0.10370397274684254  |-0.023289826216640233|
|0.10658316817929689  |0.24324247239434924 |0.21581056607625593 |0.33049905866040247  |-0.08457468353208678|0.01101521453525555  |0.019993114189585187|0.19184169166763662 |-0.0762769001874751 |0.10370397274684254  |1.0                  |-0.015535574010048474|
|0.01417744771284853  |0.058244066059735006|-0.02396164055401994|-0.018193042423583956|-0.125128336187444  |0.0011887848495267825|0.10564193773153402 |0.04700002913421844 |0.026480188916395062|-0.023289826216640233|-0.015535574010048474|1.0                  |
+---------------------+--------------------+--------------------+---------------------+--------------------+---------------------+--------------------+--------------------+--------------------+---------------------+---------------------+---------------------+